535369
87211
663872
757192
486948
73193
592351
355272
734583
117244
407270
558252
144232
447898
864541
794150
305078
782254
380072
582372
949176
108498
160972
155108
279268
428287
255073
806297
358837
39851
665807
72241
924841
162667
584130
979276
681132
961093
346128
898535
622703
604788
138244
440772
383922
553217
468367
684200
452673
36599
575954
149571
776693
361981
381034
291459
46413
78539
696365
975555
513179
820691
823422
761743
54852
707156
72543
433214
57277
666225
169170
920541
714605
683192
71843
663834
63073
537847
483768
90660
827986
879571
455749
998135
4911
501678
131335
273175
389762
698382
294998
453814
489620
782305
412357
173133
353891
498683
626676
706554
287504
952434
27391
79019
372001
967490
647748
246316
941121
520728
182798
321754
292629
600856
207435
551186
14646
841466
619664
685795
558757
808220
91029
509359
33937
946060
936280
244880
174281
695680
295308
168012
930061
369892
955134
16130
959255
179201
926221
746525
892935
93409
514169
390039
805105
354444
160623
402058
966804
385608
194146
861734
210140
715528
985462
177005
778232
169309
351517
174360
626788
110793
554125
989523
306959
406101
970154
645028
399976
972139
800605
11955
224569
986688
208562
725618
540093
975724
974166
80625
930128
357295
301202
59567
690785
329832
754661
440797
733804
190091
312982
953252
645251
946784
898535
326091
891538
658138
553897
240561
698238
402791
34265
81995
65724
515742
473980
964301
676662
157820
163815
454328
958928
559097
730647
995786
348462
758740
649149
452006
437290
938078
630572
432575
656171
9738
472624
206157
906902
361976
3652
186254
799514
924452
29263
868909
915172
859111
168319
928377
305370
9336
846646
251862
435825
903198
680033
175045
204905
901406
489022
987374
993830
966291
875956
626430
745828
242588
971249
495636
222369
957217
412579
55923
804793
95272
761157
892974
57405
204898
160105
472300
150006
559757
299392
903830
480823
220915
248889
65772
922808
929628
687496
26808
639302
674224
2181
726191
238392
321815
831175
791977
674407
902290
806942
191783
647015
858310
124762
780490
852421
856714
310625
921407
467493
716118
935447
730633
55788
849891
882255
59977
477216
551625
529907
919016
476105
349409
463584
175765
450704
302079
832752
693328
95219
882608
84065
721224
978337
996432
514284
795192
347414
974421
990191
713250
514915
414369
480670
81083
653377
836871
612873
853944
803741
367183
845764
124237
237060
906577
485567
14804
626630
604519
402768
707274
901290
596730
338034
36254
943727
968552
242005
817575
9762
111524
445562
849988
996526
689245
972711
396108
130423
285717
203489
547505
274789
671911
382901
111632
705400
235319
926348
563907
308898
870178
594943
969437
575903
245542
296653
989939
703221
55871
178793
232878
473223
593807
901513
123413
203132
613468
284459
423440
530311
762026
535421
872450
433923
182864
129649
106333
314086
9682
854199
565246
992140
678370
279493
671975
721815
70492
754518
320556
785118
193882
413915
915551
832775
325927
631249
258673
974940
583426
86072
671095
995174
452435
711768
857885
211678
672577
688022
278732
970063
134206
609989
804661
989814
323360
804910
922585
835568
825092
605505
809615
426525
293597
580183
254990
580836
641931
796467
388219
703570
657265
208084
147788
689395
462615
726280
539912
295158
858931
975962
469417
596702
886532
33731
313656
198879
764605
755609
57877
30682
401557
850138
345528
515290
685002
726717
292477
252799
176857
685994
394014
83833
880478
839427
813474
983603
893427
436573
225995
166442
696167
445074
644037
910497
842356
450093
312130
36850
854842
590810
660112
970786
202241
140343
506974
138968
565834
38010
806750
825190
527081
534328
147501
105808
839161
525906
183078
339427
665479
674740
690813
92896
123192
626792
603480
778931
685010
230296
553701
743234
751826
821488
762930
87456
260599
974463
615285
225352
806430
935918
246882
500104
166832
291555
854325
599478
309489
462187
634727
108373
663959
39744
982028
868166
945179
91802
347902
465051
541249
766696
604214
75143
213674
277903
564097
645131
504856
201953
141281
496513
642796
632555
239128
691454
820686
349112
810558
944379
838243
57024
189122
701327
267530
23161
960694
116408
256500
648456
557403
371331
132998
259173
430552
718904
237143
361897
854185
245824
444094
792880
245717
518476
554907
884123
215053
303331
650365
310158
597442
589056
336497
462711
26141
68199
255892
246240
299519
838586
923114
511120
869857
842525
405445
842467
754868
203147
865476
225263
14371
445100
845806
992147
356970
255686
330114
487996
722117
119051
902253
409974
254001
442952
311454
535078
176161
359921
958714
700744
786029
351136
400803
837489
409398
626759
322821
700684
161768
142390
340229
166483
330981
480133
661689
63416
641971
437057
344326
5761
421604
494127
91573
387862
794186
869598
996441
539730
657655
560538
172661
28111
499505
441689
784174
945704
284461
964471
784254
513258
795229
273854
782888
943065
999498
66629
68591
921460
67243
34692
570264
255715
65039
932542
13223
782513
804884
592659
209365
786335
502648
635177
724519
670873
261203
822383
865183
943883
680448
617175
72490
453468
947775
416926
311228
876787
7022
786451
394811
239658
222237
708828
491695
434327
781628
240446
44055
950425
655439
821667
542110
293414
628263
922105
836712
78426
281211
760507
818115
608965
51217
448899
861194
64512
255509
778256
520713
648063
796361
823164
895636
150987
173694
721280
574484
438130
60686
26043
275841
827328
384933
120331
57044
651331
500655
216594
128079
648197
511886
628401
249611
66550
720705
262869
801622
624400
131973
695075
965603
674027
799455
719137
521998
541500
359238
306160
475247
557308
483903
654715
526898
502713
393683
149756
551209
446135
69298
866663
361726
458638
30695
699743
419815
579759
881704
482202
91221
110088
904448
329978
148277
302078
152477
621315
393069
311390
567107
74333
918504
253367
447417
844976
329115
388769
439190
516317
933896
887030
944823
761524
63441
954737
699948
465884
427905
371989
980673
343631
746078
32500
692641
884809
952113
102576
556344
966059
234639
217918
454655
769536
9023
115100
47462
394135
617502
807090
906637
121387
881244
835151
206425
793529
406851
452341
639682
265027
684615
574514
963144
210347
274609
952400
77400
563298
778209
823456
359918
574110
143585
81348
523338
87658
449779
852308
86641
357034
316765
736302
911809
659477
934212
205451
908559
570367
916550
438770
196050
321464
172637
122095
225406
405508
373962
525035
294675
633537
53875
40036
973794
934683
511456
834919
11827
287601
670706
99645
998747
239452
233691
935436
530548
627272
169025
313255
563943
274265
62207
517695
896623
277624
320937
220197
202445
794074
363879
774730
458737
814404
106908
39293
537917
150125
59906
377250
448353
936248
153529
501603
786986
13573
574488
260445
530219
864416
58312
858565
275497
268516
348683
889884
133301
965944
782877
520870
368831
181294
531872
137738
959413
487590
246683
471329
836420
882128
440693
451389
838813
563800
352886
366824
68546
278071
592816
886840
138511
576867
784678
88911
208811
121815
123703
487527
538663
392982
435610
82698
65686
923761
594235
113553
388559
433355
716700
778156
358362
401143
616673
809878
395575
830368
715586
987031
580052
847644
81425
101406
208330
806303
637512
586600
4464
386513
821244
545427
139189
611309
513761
241739
315318
244040
618005
198554
706900
908316
786303
853767
491662
530974
262970
421871
790630
880470
799463
21564
944087
875443
351380
704803
734013
277778
139897
665237
215944
784421
484945
792092
305043
264189
671253
738477
719503
868683
195241
617337
371336
373828
83300
574457
433154
798096
690661
795761
714951
149370
163530
243755
317111
226535
547955
828923
696102
174244
220440
464838
155072
227997
866571
696417
501607
602702
444063
627057
543060
567203
897327
344245
115167
17329
659902
569806
398592
792577
499492
762902
591492
370671
342139
324133
996190
402926
421618
584820
601452
60474
442202
830356
597200
268865
208286
705871
721347
901663
604229
486045
194134
401931
574450
27439
737709
718373
234595
552687
671874
118905
141262
211911
365024
810815
464866
314152
472012
352228
215219
344589
957704
630789
299609
637664
216841
817203
537620
325857
837831
493748
921590
105212
525545
286019
23588
438292
947445
857797
691811
923482
56654
312287
631501
109980
948861
885217
645129
276053
714932
857953
729896
202554
385510
813559
262380
739273
873133
926612
806013
597994
255215
634176
899192
35230
474400
443508
374111
4127
481147
34589
74298
454439
229638
661373
568954
239538
169227
218683
469426
327552
797573
889506
832111
175
834223
479069
278188
954694
182433
238796
55598
618806
15492
93302
9788
873854
413134
952758
608555
249904
571431
505821
700384
242370
536163
328352
185939
661567
231549
439438
253120
333887
545919
533564
766126
329509
465165
974379
657802
764624
337127
172919
733472
173311
289171
203399
66289
943947
500448
495561
859266
711975
164562
514355
751307
749085
655791
56391
812543
552393
177589
366654
315699
783622
25500
833450
189721
218386
970127
751334
768929
926903
102513
939887
129632
327101
453157
497127
233787
167349
994739
963358
933333
569078
825536
380324
215736
129917
558880
215249
203845
163024
7522
866648
12913
888499
317455
713897
811737
677625
432297
336150
218368
477648
669500
37813
66219
198143
317889
453823
291512
29129
591493
13658
694993
353856
211059
480678
967341
955958
90283
434818
571444
510167
655817
397545
212451
757171
599925
259088
274594
591657
993256
824751
732336
859646
357625
407450
415662
258395
955807
526589
857896
915286
627044
180110
532645
851251
73769
436635
715408
12819
973651
255269
802115
512337
950293
921921
738498
135840
423821
40162
233405
42151
558157
751890
312964
29895
269017
661741
777229
501133
130494
106839
882289
3037
875419
48281
694103
526881
904987
439285
528079
698399
692800
421103
557690
614646
108751
240325
439492
657788
843721
305343
642868
75253
797360
880555
98625
941564
949163
257664
911660
824030
987164
472893
193437
250276
567899
478576
142660
511104
298257
888583
621991
185780
612793
53012
474036
877197
930393
507222
208339
159395
266822
538761
253166
792717
450392
928472
481489
981047
393589
652940
340016
56716
957715
390113
435773
44353
656944
563182
395061
85716
231511
980614
874854
993081
793132
790863
956635
111016
75460
881271
559166
498947
252849
17402
236075
94893
237955
897821
843085
519669
327705
228724
276672
807379
342059
245884
756879
616559
988875
956280
81266
106179
53954
83649
890010
466395
250497
723669
258548
454632
599801
924646
76638
807834
962388
700591
575582
194984
859129
553553
998008
89006
904665
216150
123248
537252
475364
15217
663655
377564
33987
106536
181206
989938
776058
368535
800013
414439
234420
76271
942118
457448
745753
508678
685500
1638
62481
770912
136551
587508
658178
755509
703258
351365
390469
629606
951468
725370
928414
767706
944455
29473
662537
229539
99309
139747
677839
465974
244003
408548
711166
970839
534628
952148
293767
862360
50114
269740
825981
502406
160416
720912
751264
732668
682452
110024
417537
304415
203716
335912
901880
507215
811704
321399
418593
770997
289453
320535
609426
409744
188438
645872
463032
628726
124290
90121
143202
142369
878047
569430
453536
847309
760232
150450
632383
128113
432342
754893
479324
87480
822373
357031
789740
226888
528565
932309
946405
820350
745274
38007
75427
129283
164622
41994
437692
969612
255000
638710
537747
517125
768940
6574
138597
60233
125161
22156
672190
680661
901646
316903
716721
334034
518853
65862
100120
693144
733195
275369
557908
989727
745246
545036
214858
891519
79782
576708
179017
835845
841380
964322
785449
329961
731912
241823
850629
497918
686367
753955
319134
732025
327480
865505
44762
755617
155930
291557
224265
406545
817538
406399
905872
101228
131162
491463
507817
515179
86716
417483
791856
917928
212825
69875
932779
919290
638988
604815
151115
873405
765118
654520
611305
415585
164592
6585
130908
852095
777486
807893
755833
29640
860166
128310
473374
477998
454348
95286
993967
40127
939399
531773
183871
65226
142541
442645
320340
660704
6933
46431
992547
422260
120143
944638
167586
384026
48761
489088
802916
154324
775482
532211
120295
932425
427420
565299
656257
833551
288374
18243
642005
90085
483921
761878
646703
684679
843002
902385
181082
507377
695764
466867
76302
183515
10758
605153
29759
684241
615813
825854
291460
77856
798175
218700
818943
870387
708904
159724
113336
366604
646975
262892
107766
38718
912891
815579
89682
259807
123895
979147
163471
145304
569533
581818
573932
37902
335607
83978
504856
816402
883653
424135
582852
528606
501082
49217
516244
750782
769757
851471
903672
769798
601347
431906
636905
364126
297933
683690
475237
911584
536940
910962
546045
425724
350780
350805
142740
721009
883231
946494
266788
161077
478838
494192
797632
481362
585225
512783
229691
994385
620473
555331
233185
334020
643505
970905
719194
236523
770429
609266
766294
446187
286262
497378
720124
547159
472431
657311
771766
997347
744173
838823
619375
247640
802135
521010
40855
656193
80751
706966
181444
296371
984397
857487
822885
126077
754751
92659
182240
39721
36119
206111
400465
395809
538670
592302
75988
941533
314104
548915
743965
971607
543232
786416
143283
369400
304045
95460
923455
575763
923265
333854
857182
62992
17881
438998
262342
937936
388360
813105
787434
914449
358189
568
498120
46848
838185
545288
647650
456987
811006
649854
27966
807510
843566
937472
559492
889012
609365
607203
267653
258893
996625
259507
916414
563808
63506
676569
925658
861116
179670
127296
640439
802918
716209
291522
719754
337280
924205
399921
688922
313872
600495
664079
349268
77824
449328
136171
93243
62576
44815
708325
623774
829857
882376
384780
170001
317719
665048
50577
585405
280532
511106
704784
10632
202082
556333
237774
230462
487240
590959
615159
437114
764359
271285
374964
220608
831947
294965
699975
845921
982959
406504
548964
513348
274872
672268
968463
343730
308848
94244
66912
244316
90694
382346
531525
617087
631272
361489
11433
106948
329640
578402
350879
243661
815759
382528
871823
165158
855829
673783
490091
170278
581873
250906
373346
116637
69720
205908
987272
605921
394610
794529
507997
383984
700655
508426
956353
997961
42057
649105
80550
9216
553633
122346
924963
127588
518291
750436
449927
768117
542044
278419
837994
850987
713447
475175
59008
730228
597402
995662
912952
489807
366273
420711
595432
234781
10363
988111
847644
442090
215055
434719
940027
375253
248463
668732
350525
625508
252537
630476
952455
685124
552339
796863
866429
836317
625749
934156
657830
558071
692750
218693
507785
309497
929149
731223
590008
758280
782080
620479
609368
565646
580213
272750
219803
978228
807474
791061
35643
950757
497380
689690
37900
770114
249710
901680
598355
556478
888599
57766
603512
682035
415406
923518
555651
769672
362851
808258
775801
439349
713821
936320
260249
372254
780491
646204
123624
746063
46324
712124
748545
792795
961232
500764
947175
777676
718382
663772
302524
12275
164139
183523
906030
838485
685767
842069
18649
379006
549216
129403
817729
361264
282073
669473
998719
580304
437711
457998
622038
283830
85739
622842
76216
651000
516826
847616
808096
746006
559824
576477
741524
46618
112513
464501
985206
332185
94865
417841
731066
770240
653378
692287
920826
4474
132176
31873
196957
501089
194157
719617
681641
541508
554924
997089
121439
276461
819813
143854
494970
905249
26353
119268
346742
209957
440551
744757
560608
544270
205895
240918
229130
913760
791474
445351
657039
929023
185116
485157
558959
760728
722766
926150
980557
38402
262624
982479
446981
712796
437095
275293
82158
786513
542840
2303
161742
140381
218251
39314
662728
699554
536307
632340
991844
676096
896044
806113
263187
382449
340806
996713
984505
522069
596239
215470
372072
116042
799500
116220
982495
894906
827275
618731
555065
168879
599066
886242
421524
984428
831517
984717
912552
828208
671177
630923
198747
846423
118693
691526
164970
381253
239912
62373
450496
822584
201624
224228
509721
230564
365684
285376
526170
154406
524672
72813
163660
834181
627923
928977
862886
84854
210612
63694
389737
368984
859240
191665
882817
327774
556182
890220
915024
10350
393337
469387
263247
489822
753697
810220
965225
284857
314000
341685
295602
830597
124207
673193
561578
36682
644936
167235
928764
282593
840920
265149
437183
879741
801447
405644
130187
690090
307487
765237
937530
194535
942206
667758
403871
801126
800341
135897
735958
293129
674710
433864
283948
174968
489718
299244
108122
859408
904331
104077
41278
936970
501812
472249
463072
72922
566332
301529
107776
491328
530774
743548
732291
453397
475459
380845
252201
858784
912832
282420
39723
840989
83279
988413
345079
300535
916956
384032
475449
804985
69690
59548
229308
805324
109588
293746
622252
337690
360496
998610
153791
836786
485687
266542
426595
606742
863999
717523
576004
634765
193037
284489
511909
518895
160060
273421
914982
710069
693468
927313
83803
879641
323151
184210
814867
975024
188964
3130
952346
713174
564356
838275
242826
189227
459678
580879
676643
121395
872138
787461
312353
410829
522049
315185
449846
957004
239079
651884
714448
633590
903406
752415
488381
49156
559631
31797
223507
946568
358606
122907
849564
140811
394866
876518
386170
722225
142476
889431
448265
754477
499677
707195
460769
245315
132688
781603
366303
621707
717365
60607
972977
104301
337528
152348
695706
851131
424433
385106
302868
957688
760922
882218
146615
246927
450537
188569
402609
7528
310054
517780
159362
78540
877100
281090
22383
773478
864391
263622
931036
381237
439630
344701
435277
389517
494038
718707
878586
306396
617938
176322
344444
37053
356420
563869
685934
742618
930845
856099
777770
384781
700067
99281
687778
66350
747546
852276
726989
170811
312133
213867
561305
118411
927163
211450
531443
55991
768306
978025
47850
329118
4364
452599
58542
458198
607276
474531
880060
739784
686630
933413
887833
601877
120495
166892
19085
125381
597380
19052
876297
386819
144931
910427
659553
608412
284326
69925
405172
934934
860709
10903
437717
82382
414760
882631
307641
922313
996747
497469
381905
101477
354663
562901
655883
164190
669136
540298
525016
125352
635903
954034
573451
101787
552422
30628
660647
193349
203942
376397
994794
989103
515406
731467
218957
529438
440337
836556
283656
710887
117755
231082
747639
657406
780167
808311
649077
553944
225758
604055
276433
425603
709654
389017
198241
484902
944113
273633
83277
572242
851332
690511
126992
824801
924578
408740
31573
274611
357471
22131
359427
756322
683806
350819
332504
510686
943290
246813
68193
386455
83218
130295
607621
215182
275946
778046
669378
553974
11818
202473
122944
103589
819632
323807
989621
635275
128375
946279
740206
824500
619157
987124
484296
944773
176039
450052
492065
248339
219436
693673
35605
830645
295043
631242
710854
420035
687811
781486
721483
968701
834910
60009
494556
970295
258284
857374
712105
781091
318575
883128
646329
531649
290201
92295
653889
649293
71631
167724
774068
433592
58570
492075
159058
789881
494148
474226
23322
61893
661924
533968
520308
866954
429606
399162
121273
408912
678153
163552
357134
56033
615351
967254
31067
460613
829174
864741
73500
680898
10167
537870
741925
975709
197492
769088
407415
992755
751635
93564
348657
364939
286454
250573
45298
459878
35715
695634
471797
664810
914816
311242
543568
682142
726659
872524
144622
209927
907965
625426
260445
456743
490428
210878
293586
910940
857144
880870
791395
539823
947111
460952
158170
670590
653576
987652
132067
632389
646545
430816
751448
471964
26074
494076
887227
324271
352380
316806
786617
572178
989035
898565
642245
124716
769652
40944
452304
784557
313891
918434
573205
994029
321669
46788
512901
204834
900485
877007
72513
133177
503737
486310
413979
61296
237349
476141
909151
614642
515208
431243
414071
227870
998548
349791
826374
389298
190860
841661
211018
142214
54600
971231
688594
670295
854486
839483
969052
658808
942892
372584
648455
958818
790532
684362
652861
648926
102032
921871
779761
834562
215435
221776
797570
529601
240522
862303
155662
809043
495481
326030
298703
719521
236911
589856
851506
703888
903305
388052
683221
28488
976370
55179
934940
333876
284672
193000
734576
811441
836421
486440
915206
56950
206317
97597
704547
65105
33360
903222
294765
979992
843431
156354
583125
848366
837753
45358
879943
819387
635718
369963
9165
345130
341724
377478
915420
831353
159551
841079
67645
502712
384869
207708
868854
67611
56041
12899
194038
164449
434639
743553
533655
446025
193871
602748
946689
328071
72114
118990
149553
664101
899505
255659
360547
745946
765786
972761
334980
644643
516156
431824
726317
907874
825875
641266
334587
386526
165566
358301
452346
954933
997334
867642
462648
264555
261109
841988
599783
601892
551158
801132
264606
994315
472077
735644
602385
124462
209219
400321
668664
803314
357689
661147
321511
68668
65049
586602
196502
688851
618176
995956
520406
454906
114429
183106
606192
622859
821664
143551
633103
246639
880463
662505
166497
69755
728889
817064
546002
602292
663197
28461
8578
893329
809191
28993
126979
975946
120375
531116
940300
576685
128974
469737
571369
794554
843425
893671
41379
251764
669584
868636
134512
809370
324397
385979
505785
613203
9581
281093
362903
824187
367644
245862
649682
827574
204145
616100
43600
819360
13212
751355
404928
751644
189339
793129
69000
676770
631837
915746
235212
626543
434987
615397
858509
529275
821072
842882
222864
900856
706532
94483
204381
286965
174323
922836
999444
719651
428494
885010
452570
848220
917045
174723
850815
995634
836368
653083
224776
850583
252209
194602
342900
6858
353636
29338
751329
316862
590329
893916
228526
354430
542288
396370
633682
545953
80573
983367
111249
802306
564931
73265
183587
161227
100289
317967
441398
856592
233676
415075
189132
733203
671844
821052
82585
726637
915918
772593
399326
75099
156902
903051
571140
354348
152760
443982
392831
40435
837036
678538
662574
703830
887732
282951
72558
831676
372488
813243
145306
310436
617911
301476
98671
683143
623530
72739
502205
566068
785269
616303
207459
400578
860438
565994
725974
467862
571692
539237
291489
186643
635123
765674
822006
921174
761972
546359
213177
627855
488050
382770
378315
671746
909609
273145
448604
152324
54219
712063
224092
274572
775586
284395
672167
197696
285787
393742
10725
435866
719287
960279
73568
883875
879926
923833
421742
36865
614614
181362
297204
384367
215796
696676
904558
588800
338403
607183
552658
205164
999020
808727
277832
226442
614916
734155
128048
609863
854906
503651
646787
896539
325507
458025
8976
593831
937545
443951
31790
392613
534358
170817
865585
578436
826091
920870
816669
654244
97607
237032
482629
716752
843657
622003
671841
393441
715003
965368
229029
362775
501080
519339
944969
549713
690186
890131
685413
884918
154974
13747
103111
50262
212926
619592
32327
216095
711613
947283
74641
88076
175429
609594
282869
289788
302119
51016
543689
874543
426774
235691
622304
501008
202160
532554
343841
273890
800356
321516
655661
486483
168661
429538
906495
151830
804999
354787
446820
648679
27612
24378
215807
300708
676626
73710
770624
667261
364125
9792
760523
180915
902773
70360
690270
767045
204245
18349
753915
757741
662518
833256
861175
475545
448957
802854
230194
639662
852962
359662
124604
834638
177113
317775
477300
481267
495685
439129
561808
771853
662049
336768
664590
776570
234486
394147
661824
591930
895078
667599
106285
359615
628493
798555
542105
153432
186815
647767
665023
672887
569190
914787
28426
241298
791736
346526
769949
812816
888469
972927
429141
541086
966197
794780
826002
526537
513835
24426
836978
437827
478805
196764
295371
655404
434172
939751
427189
377924
804398
451475
58532
427106
121737
660644
65264
93494
49119
597440
196392
179150
887617
569105
209149
256069
501180
98038
617199
792168
664571
487959
95694
537165
407924
978314
407211
536389
664006
386623
254375
253020
263270
480436
418268
676467
91484
820562
946784
562666
429299
262217
935115
86689
287859
871710
8354
388169
449890
605845
15375
705647
696604
951857
372076
591341
302192
786769
28511
648384
916973
3131
151584
680575
146650
481827
20103
463398
176265
910026
497137
221831
762097
859308
454313
925042
602315
725353
362996
592207
324502
530743
158548
59
621275
17076
469711
959712
986043
221567
247378
404341
680313
753533
110968
513102
95796
815385
414605
756634
923337
987329
958383
200140
945488
772841
287873
51807
389606
938956
192752
388600
242476
699707
950489
368905
383059
849684
143871
873015
715245
596450
708092
620603
352748
409841
893613
151790
788242
432180
904127
61079
543289
261308
995190
656947
321291
201063
378151
705240
301877
614690
452354
692238
466573
392061
108425
971236
2307
307943
978280
399334
414968
301874
170554
863362
55017
772651
716559
734768
993778
222747
636335
819022
495356
794174
933258
623412
964283
700134
579194
368533
404226
101004
677621
907557
955030
340463
248659
479716
427826
675719
429367
563754
694051
766132
761159
913729
509310
633895
118714
660125
598176
219309
954504
832254
714012
830547
483683
59550
814678
927867
890260
131790
968574
320175
922278
645765
934739
123875
45525
469771
203809
893968
704657
63419
701259
428031
444282
16495
809411
530234
700276
126828
6492
721543
824417
377446
585171
417649
574140
730653
752293
912132
701536
792971
751691
524281
843796
364529
26539
806442
22443
451501
180628
351710
806560
357571
372418
496553
841092
428328
753182
520890
516387
395201
49076
354268
676671
56708
576048
822122
315367
83422
2718
452120
684756
352469
25048
308623
127630
714597
626582
994562
54497
806464
849368
538436
582800
588578
442113
102162
821771
944073
455727
690729
730876
849225
356217
66820
9698
726611
169322
73313
737808
287873
120824
427292
29188
340502
311170
813905
682000
979448
795261
761337
614714
908564
733565
380070
421128
59359
772906
937569
417390
46822
641168
150787
655735
976511
480812
41507
235745
416372
698511
526675
620415
423374
878847
635189
414879
381441
632983
608406
415486
467605
16797
17202
295845
780564
805416
287635
972248
177130
92275
967390
27090
116082
560310
43648
535709
82463
213239
739145
51627
969278
669048
177279
511062
261002
735060
944491
599576
729450
572035
344576
933123
687468
558060
299528
214382
229416
776939
603431
927104
729786
371400
140232
150149
420751
151830
715326
576381
70161
36913
36619
921446
552228
662822
443419
869095
975250
934536
790914
158824
388486
588347
851543
86249
766219
41347
826020
606678
490225
512533
415930
11808
753340
112252
513091
194638
514975
546237
136404
581158
465691
163127
122443
419915
257576
424568
363248
43997
369435
985128
660276
977288
572044
902480
760847
837591
268800
857394
233442
362859
334759
496624
844484
406958
939378
622228
638409
613256
274515
390783
887638
279062
995389
771437
117182
938554
315144
997112
645491
832095
18226
787413
663168
141935
912281
898851
48757
643346
684762
684969
168696
647894
903259
476173
34800
948645
217985
994691
401484
307052
768426
948515
563669
361261
458245
309725
388924
515697
697655
90584
120702
518874
921261
387818
664411
273008
760654
690968
3046
870410
249493
627710
142604
484682
459454
955036
995957
632938
870588
53247
819388
303332
154401
853785
185882
153659
387752
807224
237330
374516
292360
932189
318132
715520
756969
778073
540908
509230
633598
727315
879094
411583
727211
648112
525328
168301
598120
785704
546458
145555
227466
95817
453755
459223
561223
344595
749736
627622
791641
655176
993368
694381
820141
138126
18729
550066
483305
76510
173468
158437
99323
402014
604354
14230
308893
763960
730780
905706
100377
323999
569283
306199
24250
854425
747000
762439
219007
745424
720352
829670
785836
826261
240444
867410
60526
516531
569124
635887
921854
659685
405171
96364
941042
419192
258199
65360
227068
396164
735615
469952
770608
308060
394912
316497
769301
508415
281144
134607
916550
656934
940021
953872
9210
751353
593881
462933
857234
251931
152746
548136
676575
903310
407378
800022
571654
759277
358234
745176
955770
114783
165276
488272
328134
3755
5622
976258
757212
806278
185205
780580
524597
372963
609078
202007
931442
643204
936164
399339
459960
584460
377956
905251
685903
573377
212804
48712
930793
687866
165119
734422
280300
874625
507172
904907
463738
968220
851970
731777
940156
674667
135536
915535
971498
414401
520265
156995
565594
153588
957874
405910
133717
608686
682104
641616
441895
363737
591907
601793
532573
320593
367364
640774
300154
605719
999606
72232
178219
838249
925843
528566
315380
500088
222007
604356
417796
760815
490519
137873
847785
655957
607654
292397
940907
46963
120261
529524
538882
480342
25584
5224
330004
849794
867087
331667
617609
394435
863098
585023
290764
350513
234351
918616
288999
243149
245306
851375
88856
973586
418409
710679
59016
361793
118275
624037
318590
383558
475060
338505
671553
60107
434144
48744
123738
660016
614584
771073
443593
702916
225197
302043
886870
850509
156489
250759
369888
28388
989561
598248
544608
642056
774771
612071
762437
652978
319727
808064
418008
307442
894007
750874
570153
80138
137520
205188
938585
988802
673379
541225
218138
910957
797968
485210
901163
266958
634098
843685
574208
595711
98181
303361
982287
561523
639375
242821
686103
118048
402248
371099
831837
750621
777928
685096
188417
248341
537923
201512
848414
567698
193715
413363
465770
736281
389674
642749
893710
887683
407801
635801
941321
981525
997636
594358
718733
64394
344398
773960
820134
430752
932982
447430
807336
951255
595309
383101
814499
153977
488627
532388
369583
335393
820285
146881
341436
324653
844582
796580
453263
397256
444443
677583
455592
20855
489146
357556
557440
430893
60269
196976
325043
553948
138715
427474
60451
659074
85494
998501
225132
142427
109117
435803
127646
512843
402312
140553
409498
653733
5177
428019
141251
492723
684953
945597
159778
518184
429176
445331
228336
890518
930462
938131
636027
818797
548929
8279
140446
206268
286801
869811
663786
444839
164446
286903
739697
997205
858679
120061
548898
326307
263920
704335
318086
562399
414621
236602
947196
226617
252160
184463
578770
962714
314102
645157
879606
860632
162280
727544
24040
677122
85983
665529
486292
21570
377101
463105
134868
982158
786158
677196
422740
8478
268283
417056
95923
979722
277871
104998
106785
421321
299579
875833
336509
579366
948345
729667
503508
46845
3792
664007
551174
545742
138753
307096
102144
103107
937620
34106
769216
667923
117912
182450
876048
124840
330920
322249
686651
839087
739402
101449
647852
311056
894202
718921
989776
47380
431858
972252
257048
58796
505256
98773
124901
271242
401966
558030
855709
478887
296613
342844
189973
750160
495648
378413
224197
810513
34734
787612
139873
75041
859799
858294
843660
262212
116780
687573
661260
585825
170876
330396
381833
605797
113387
712542
25048
847056
697884
271884
140139
852701
837227
581608
292411
124489
949622
394534
350506
737037
758291
24964
265957
517755
794057
309709
613275
162941
651896
4781
187411
168360
844744
393800
703437
880150
21835
917029
229360
89319
31836
545269
400932
7904
698522
402423
224350
170457
477233
97230
627326
798526
478375
81771
607794
194085
967673
647697
613490
995195
416137
823233
594226
62168
472325
548105
812738
864063
371515
749645
703606
409064
506071
445958
533155
17152
485499
85714
895010
690782
262144
934889
202852
492652
761072
466306
465639
333633
284746
72535
677081
985894
193435
56112
723062
371635
357975
788637
339851
723565
740320
580932
281946
944266
617223
816663
136693
697762
405839
477400
606692
375285
373991
633932
876837
338318
462646
268533
994175
980009
814178
90981
488945
619853
968503
583595
100570
573400
234186
742672
480030
20341
142867
937257
44509
136162
252267
254096
939055
614043
955565
952517
427184
733552
993125
848149
388702
532362
961672
563139
594995
536976
758223
102505
52683
726301
878971
287988
831546
375083
756695
340648
361665
825287
468005
159648
674717
137385
59743
173899
190580
605580
519269
258830
173594
170912
721201
677274
462482
506326
465264
322485
478081
31051
618292
888297
24942
769136
449417
905108
504160
63532
787787
663691
251828
81590
505594
481702
640303
761505
145008
24733
300810
854007
637210
505834
90968
16835
279150
812664
659597
819200
708230
79227
477561
743940
499274
352397
45076
731712
720431
240344
263828
635789
16149
304152
922907
8895
652133
771593
362679
906180
578228
463907
722387
919339
997929
74658
639295
447501
614635
979408
952102
41941
890798
770916
933664
796714
867947
891763
485139
798686
504944
993
121955
522274
479975
355036
788861
479475
732514
926698
345412
974238
678396
609609
558503
204227
552419
353412
68342
702715
308655
632686
782203
992720
877831
17601
958733
264425
418544
958938
482225
385087
367961
791361
634123
557754
63981
289637
972298
490778
868761
178392
375240
632586
686870
169191
995710
301448
218057
141475
511686
12294
969283
271449
950312
663855
296031
622842
245869
589676
763435
749557
269224
376702
267125
459272
6344
515552
37302
633137
592076
745376
249908
207779
434950
266695
643923
650653
740631
137804
359134
202048
655403
582939
932668
50848
920070
1186
870448
319077
879553
147799
178218
884761
301040
391399
45454
768948
516699
107450
211302
386065
781131
361199
912965
486757
649360
942819
278919
412108
797027
343217
69096
902021
693066
814559
162020
440674
49720
114990
527534
694697
459139
147194
895427
780471
87009
478841
811688
872427
832628
622344
761799
939808
400134
370676
256842
732411
401919
870247
708347
686534
357664
226032
724773
54689
169954
370769
355754
242643
236620
983600
328043
234895
221190
193184
862828
885363
800376
242130
176679
285678
52672
606299
330673
240704
410893
111457
178593
989091
812813
43725
377495
455606
224914
9378
213733
638064
723810
92458
355692
226198
37509
311257
310507
478527
14170
155687
597647
508241
273579
377337
689887
39593
127887
673829
50815
755706
648172
171422
805516
951303
646608
197998
752364
387440
268804
580791
605376
85785
511818
814842
374486
803162
649859
560073
159926
9960
928492
647616
960145
652844
805146
49430
51291
726895
226239
402284
426913
904169
825776
808410
134765
216905
212564
45003
456832
579678
454973
569649
426769
293784
377298
878197
320086
864291
677044
823925
149500
196637
792715
317507
507858
728011
808897
490041
138260
395892
957832
243595
275148
205369
367637
731394
79188
773956
314353
865873
927982
418151
662068
427935
545008
493659
310601
710869
234322
422479
132431
156770
687695
464828
242229
729105
662566
735030
190919
531591
613280
868344
498977
174693
231909
167638
485030
349476
719357
682175
605970
785964
573014
558210
762874
293126
38310
258719
318917
140081
891247
59042
105342
925834
439602
250132
114010
849045
258905
578211
580970
606870
766616
2499
107375
859043
312411
548221
468062
844280
430695
819859
58766
546769
899103
862653
343502
799332
890633
76742
256886
832264
610759
282032
846478
197820
135162
381946
609840
358127
968237
354849
762586
557557
699285
390741
342238
711733
923802
473100
660780
286968
751808
704975
61320
968246
194980
184748
107840
66978
342001
499297
335648
471265
347654
207738
834909
33601
584759
647417
676165
976399
89546
507843
205964
672401
33359
357228
609748
814289
828386
693976
466970
873266
767775
8493
751259
867505
668433
279335
992815
573155
163116
561285
313202
873495
151164
501862
354344
892746
306504
465288
761787
579646
249752
704522
564441
629888
861267
253512
240729
272353
176301
845035
683534
262368
422883
36000
201538
834821
181902
915631
659339
880469
491098
64039
945275
743726
736529
421387
455450
897459
331112
753218
525377
301870
260596
597420
229401
91877
831745
174190
711774
856683
585757
138287
956932
980255
982398
731500
254192
613509
469125
661823
221083
841313
380799
512149
86737
563579
83207
271205
722898
248605
643738
799260
934843
27578
210067
234832
905177
62402
45266
175028
444048
736655
79349
871520
894094
464937
137751
961432
281027
492064
363771
78703
628875
827763
370263
339824
972979
79288
978988
940739
602826
478127
391010
393877
723498
490616
667721
829746
481488
672405
471361
360465
712440
183300
317661
413064
554836
53248
861696
836368
41197
763005
892839
171184
864741
482795
359211
972113
279396
360239
192349
563583
424206
453407
501022
52082
304189
137836
279353
151982
157857
328877
956169
243299
947898
916036
164234
996826
883971
9635
99189
328735
501114
892530
775522
225513
928066
919134
529146
405161
314281
235226
147847
9834
738169
590942
348501
623186
586820
113133
97334
84488
544920
602641
591313
677685
560552
353999
631439
55341
692899
887506
664133
558011
118710
157473
578342
179448
354856
85453
947647
440161
152613
124048
111919
958756
742556
104815
806460
35638
317569
214357
920989
362996
155063
981244
366176
945292
297702
161100
601260
684549
824930
816712
755303
329986
651710
6431
280140
188792
333946
940341
830920
686359
299279
917128
614194
619155
206145
317725
330707
370074
322767
837925
417314
385882
806252
268801
773647
882285
152732
327944
781989
843370
848450
729279
858744
975722
436592
58498
883631
703260
307197
780127
371502
508266
704733
709620
463787
153951
737359
300719
993099
926597
237316
898056
717093
277089
26072
451998
678052
99134
450943
113630
712619
65452
858065
790367
529880
525652
42877
539150
379048
272464
400705
6734
662705
834217
829721
73369
600259
10618
265212
905905
379388
216872
392089
586945
985382
52759
898158
499404
331865
537836
78904
675285
893838
277079
167529
898926
532844
22231
264533
190580
17963
888264
817745
61474
669105
198365
988837
202637
247034
500493
461276
65749
514199
956014
157726
254769
867122
747004
480866
696544
905512
557034
901035
511443
607941
432817
321273
32282
654027
873407
911565
520619
316322
727934
271612
530664
92080
499758
696554
847992
930955
648353
565975
629227
986914
100247
819412
413997
290541
9756
975052
707406
11260
752634
921764
922965
477193
699009
694460
35050
769865
573822
931836
396270
263806
205190
163475
14610
900086
15576
764557
128350
600449
93598
770097
579492
298832
918810
810936
682360
174018
296875
719220
326224
377053
417639
171662
192383
70355
56678
141277
624801
741386
583319
343357
719433
605929
767412
636145
89745
761076
186042
953835
334128
828039
161633
860168
852146
998665
703956
159684
189412
559265
558313
308632
933875
946225
461878
449904
268677
512888
904496
136462
926106
890331
417649
788337
777557
289432
775910
413478
492712
219848
677582
149523
1148
22625
946712
547698
650926
935581
646582
537470
428861
68766
36731
652503
109312
603303
862743
658235
709913
508169
597883
737642
734196
968198
644139
923344
144501
925424
930486
994211
688683
427282
569791
947814
251016
607079
27053
978287
748883
795650
688311
639703
981650
106813
212606
419036
858469
641347
643179
583594
803474
547621
976370
266648
714434
823979
520872
587585
22133
893665
872703
556412
881242
642176
329544
993396
227407
592930
295508
595696
921118
722040
854106
948235
596963
678487
447420
338049
209673
440
155937
545546
565585
89862
957287
604064
846391
418282
774890
940718
901327
733873
593858
112487
185113
715134
667255
904943
373965
144407
983301
889898
565925
751654
273518
53295
458391
187037
705652
344087
733903
116093
87461
393460
65745
182087
64617
102538
394419
452538
164053
223209
976919
831737
55343
833092
418168
650573
608940
495054
897969
890724
24913
813606
936349
168098
438172
580546
726996
922224
189130
317507
795172
165479
173842
926616
168321
456359
876137
700252
503511
904992
457383
447227
187857
716256
862927
715426
624550
897572
652731
960509
343742
595326
71987
332313
975943
759252
98743
350079
889100
564098
819615
945776
435396
396994
32235
104105
461989
720554
520785
885873
740230
260380
641697
877649
795250
156631
524175
615796
658609
843210
784488
395219
428505
39426
654331
676461
849466
503785
503166
411089
977769
213787
560410
914397
228576
783172
669446
722782
702480
607947
433649
33213
66030
83295
442136
520231
775185
102139
135702
461074
905625
781886
765220
66280
940591
652101
337516
586163
780793
107888
362039
405603
671434
18223
27558
131592
199089
816767
31464
560528
979513
859715
295931
965726
995690
15893
918687
389640
164391
441703
399495
582975
770400
610645
572275
369971
28047
714889
380935
955319
36611
843269
975699
279679
797688
5411
625456
540084
11695
595492
825525
74453
11238
882056
925504
996558
647648
423692
470819
601756
568724
204623
938232
859722
433457
299324
237633
380505
28329
158194
366028
681755
853623
61888
274931
434291
195030
456721
791713
734800
565647
278396
882024
586851
482737
239150
373492
742986
901286
143867
953675
119314
939140
128358
123246
579135
597065
15909
684991
698606
289415
234484
666001
992653
242310
318084
628046
747137
692635
795407
323362
44699
57600
980936
400483
534341
952788
84198
330757
34330
12543
503262
39496
946789
861336
820150
893905
115181
328791
86733
277355
448473
137422
238580
988858
107733
171185
784306
631919
951407
276273
183104
197290
928867
13822
282781
892901
30608
441002
724790
799779
111027
257543
923478
506047
315182
470791
228814
37863
258309
646867
5934
869798
250499
737186
676654
172228
582006
61632
368128
474226
9630
745129
140975
671261
156147
527854
408264
378556
760628
476798
101311
918878
360799
50591
780901
456139
529391
195752
281238
542667
590368
80088
178278
973401
479204
946091
705846
685911
189616
625104
295224
463149
668387
745781
225757
806609
166680
613208
710023
934704
947205
695095
59958
364130
77033
386729
175114
204051
933018
396895
399562
234049
715572
596358
738975
948096
464838
640388
346234
508483
570042
850115
799594
501897
637020
815368
443177
949873
712516
460969
57838
149366
635940
634171
470554
555475
911303
439166
751786
153094
729423
418357
589669
148488
927543
113131
637617
526380
776292
376727
506087
236476
79335
407915
562138
50102
691575
146994
460848
836917
169421
756942
202034
278636
202319
292484
613586
490924
539211
474888
903086
181292
841514
714233
832507
32576
744970
661107
814828
885069
658096
269047
185337
58563
844662
735894
206145
207220
812312
766203
446238
395881
494353
791717
206886
611732
987613
611220
579164
164800
959831
251656
134253
41632
624579
982369
683955
597720
240259
603848
367071
667570
905437
704581
925960
914513
485145
72561
81781
517865
642817
873066
103245
906794
31575
108328
586633
877564
691690
439883
602206
477210
392636
338087
116905
485101
455216
908147
264553
461487
250930
906117
7937
942354
506007
677713
735443
868705
712228
535027
499758
537947
302350
173892
887404
797864
457969
206175
658855
566168
152915
88827
777208
148032
721412
465424
921721
729043
483319
375296
51435
329336
798564
336461
719499
446739
44528
123003
377577
654420
850722
125543
676575
985735
538782
984115
561935
108053
642417
228636
695416
279604
231403
772280
711852
75277
529450
385169
154568
541381
767692
939234
560877
302608
365384
71518
458735
293004
778085
601478
56897
916554
332248
582635
832086
670658
527813
533289
610255
618397
74412
149131
782699
178374
725877
450516
488918
637292
483018
355699
264619
28807
477025
658357
570583
623979
846032
775357
131914
339803
101402
77396
548331
369945
655360
134633
19333
105748
515607
820442
365432
839218
280719
945210
184011
418437
232886
88588
583328
337976
246737
978715
723284
755052
483661
230216
138327
62851
894141
80947
423625
530634
158270
747661
885854
544895
233931
831606
776726
282987
835279
448428
90506
286719
115958
213563
340872
495052
645941
94951
857231
493219
569816
379907
768990
663326
807316
321694
755369
855914
688947
221977
307307
517691
166581
389696
338379
601457
559666
19017
453276
541215
154377
954537
622624
899567
462731
583066
824194
391431
839216
584989
360769
195362
628078
195194
652465
74179
58703
675711
391220
861499
486707
460922
185953
267254
791487
873935
69241
413330
378692
488236
555579
120846
553820
266618
816056
313146
145807
307019
814454
597055
54284
580801
102363
430406
812956
348499
730449
654435
283360
748675
917165
68054
408283
485654
964868
157053
268486
735579
121632
721804
250825
8206
804115
655610
646654
952652
675226
370104
180894
517019
583202
372908
31322
230636
851701
715133
243735
413474
906432
451541
29805
418093
661041
988257
243594
257077
293464
373278
307701
813352
584017
457370
482580
784155
340771
565331
993527
855681
179948
827291
257200
403128
327951
316616
790578
11674
550618
442343
340006
197207
668303
531958
237568
773199
142960
341090
203409
585133
15794
574535
164739
203189
493545
511292
776353
9386
593670
754854
678558
716018
310842
216788
610015
169543
267699
317700
822359
893571
317916
877845
441392
3020
237748
542352
603001
805991
883787
86901
82213
388988
647578
779855
976665
598042
758126
64631
334931
235742
867517
300931
56566
958903
234003
404625
821175
821998
289822
271596
105622
994663
638882
674220
626694
240452
659467
809465
646730
175378
751987
952625
288046
2874
969064
576711
318328
202865
441398
887979
308731
867088
617724
988802
88452
162032
952483
742266
783289
256423
588104
708034
940541
148823
51875
475148
23335
24819
378580
308429
275394
432622
232154
12395
117863
338364
307177
531034
452223
445187
81134
169949
851957
545143
124528
315357
15328
130910
368320
41268
931915
922345
569473
14263
618451
373335
44645
115779
389476
445276
934451
153017
302360
132900
921315
375325
713891
405961
648265
523535
388719
123012
992570
576021
409205
933830
72699
153315
905336
475311
668245
318952
534318
836154
2655
16883
578481
516416
447276
463102
475781
981861
574064
440138
849549
884896
742284
281790
226961
443399
476379
787967
204577
663785
883210
336115
12942
897223
185637
414803
418228
324305
344591
28280
403256
131571
311955
522686
775663
399932
357924
636143
626163
67539
537218
465036
245582
49186
740513
745383
569814
719385
583273
625940
96448
835644
784467
440406
951738
676464
550240
366186
433560
805019
962881
423470
621828
582355
933982
43908
128091
90606
573238
938647
181482
403743
798427
7167
480778
435569
336193
29538
82612
251849
612640
139934
26066
965370
881627
859427
392406
535546
457015
495015
994913
382717
213568
574137
40944
3706
116405
749548
772565
66767
23782
308255
814281
158458
398828
275367
306604
586735
654238
883003
997077
813222
217708
789699
938860
964919
78740
42798
16884
97415
200807
736076
101048
139218
236357
437297
318077
249838
485013
34779
967200
557992
953340
180998
960411
286299
729581
342977
971525
876068
864227
573054
802964
699439
223948
218934
481420
784203
298360
816529
252182
57990
4192
495949
132574
674262
311142
773957
819587
829111
10442
308719
707673
989788
178771
481614
746324
557318
241312
224825
524860
861166
304180
241771
864135
620191
750705
660330
607468
318991
632435
233001
450573
588270
642521
557885
819912
331865
976634
874911
42330
121990
280482
54997
276317
610961
529583
623012
719880
497674
879696
503801
477359
443276
213759
127285
585583
185304
919116
818784
748168
197428
632160
545426
832546
50827
788082
304121
463450
229360
615173
670447
902826
205675
972798
263999
863732
64543
441593
924184
115283
305557
578059
201048
560134
312640
825638
958113
636996
837950
892312
605437
436204
852055
944649
219513
73086
707026
397153
361482
373102
735374
96449
219505
488956
665651
304250
285373
838457
607226
604452
350110
127311
356413
953621
552442
169587
750888
898025
275404
866433
975937
999669
231358
154533
132566
453544
884863
196449
905514
549080
620662
737931
189805
472627
528314
259439
267591
838223
902417
422555
66648
837506
387397
143836
947212
759440
24398
894657
78671
110578
526340
590953
742041
109616
802064
285584
535777
969298
356815
343449
337996
994727
519471
674270
311098
766605
336822
628569
483259
16519
862533
479778
841508
154508
991458
103333
243819
869506
690489
585100
906996
873398
502348
683911
821108
260363
49109
33388
268266
615587
959126
58559
656459
698080
170739
599238
375469
170826
987726
610585
20500
768537
224196
400859
375003
501976
284444
386795
227715
129198
353119
613385
184809
497237
560130
305884
69428
163496
677968
539999
973117
678648
395297
369884
827774
3999
814686
163189
735318
441222
69709
382342
220098
994577
938235
69300
819675
342061
712438
511551
99647
44147
491741
644730
820882
974194
546409
845111
917815
512072
654307
827368
627300
738838
998144
906059
216783
151955
852768
74966
639740
466788
424302
714018
295140
182675
998792
35963
130747
355142
687708
409961
415689
323590
192522
311681
145233
622809
950333
725613
235066
372221
95207
70695
986703
18922
58277
395181
36545
109621
503460
188876
921345
273609
974814
357485
205812
940632
153732
980677
866537
815012
300745
412900
951119
413203
398980
767895
962502
717317
52965
991209
462697
856084
376765
258932
657969
524493
308062
944882
972225
168913
276913
773554
239808
322401
223403
830101
12105
832855
390271
354668
286029
829437
631111
212687
983787
663483
322363
822402
787185
228923
903842
714256
868831
579480
364271
510180
700117
49165
446131
285480
455923
939622
109456
448474
37079
383010
120897
785934
908560
731213
831990
76590
195725
171194
850745
205005
608295
154286
879
278279
72722
12570
273170
906905
316107
518700
462332
236999
675170
206620
15037
829160
696497
308269
177373
746952
399243
43177
791524
630124
185834
615901
107136
737723
31788
145050
567530
29860
426942
727308
276901
179007
340108
756711
232110
735812
539065
828180
808615
955553
243345
152241
622304
68023
633040
133501
396965
391484
297894
474226
893854
205542
729578
814471
677363
53524
882068
140019
630554
260645
541201
176245
931708
25310
266156
83023
56063
180921
9192
642456
906801
818396
315234
423162
563704
841314
716691
276047
452606
661367
444609
641943
371582
733725
824746
414841
506640
410464
478056
68583
60362
819787
304276
616389
937591
914329
441409
997937
114531
430426
533333
480870
93750
866635
806708
61281
797051
124502
534141
634493
468325
452193
916173
128375
304369
313177
693578
582452
900226
893613
44028
91636
916847
348742
233823
77680
37152
582677
436016
514725
328258
400945
627753
352813
202392
73478
939801
633324
36525
426490
937434
787532
128182
451030
268922
114465
786262
988021
528347
395358
231999
296599
60195
486775
437097
342432
50980
91327
390240
129043
797229
305789
297667
595807
239260
709041
741829
1260
342352
604535
273211
878466
251234
157323
139127
483203
667263
857494
964696
426467
196802
253093
959625
140148
279281
275031
291151
562888
407477
798543
277762
597739
547089
614133
516975
977701
762128
702823
597935
834759
30549
921477
172659
278154
275759
118177
302485
357549
353874
50649
107456
84148
298434
863986
485505
747302
586503
918652
509692
3840
966075
610132
722517
224537
994654
404779
731704
259972
896807
239258
806339
396187
96314
22204
408220
988315
325800
533125
53159
381041
653546
534224
424807
323110
517922
90990
499735
340546
163878
200360
624010
892533
502800
914970
360015
447052
392657
525192
967927
571203
170286
333400
745189
869673
674318
671940
994703
156936
463020
7701
382291
116223
55628
720646
875363
590202
930910
154299
630488
569233
353975
11719
963330
190142
475723
335669
649711
322451
495530
110266
276101
257074
994086
21666
744956
272279
570663
636027
193204
484231
72954
947400
875089
943895
847914
685102
611999
175289
603283
473303
196185
675286
541415
867277
222222
917989
693781
575539
550492
227015
92680
248377
945431
809141
236568
650313
710366
652555
597454
252077
540899
844946
271395
843535
604442
755716
44108
358387
422218
286246
414051
732973
212227
707541
642793
196541
704166
212738
272715
196923
378151
599460
274801
831568
734091
836484
210270
138715
167371
549078
164201
44272
383054
60415
499292
669135
341786
787141
133119
113364
796883
455090
113555
809069
580076
882692
278017
735682
929929
436726
287599
268717
18651
727767
375284
548717
730889
192444
181971
464747
183100
686129
654699
172171
85682
747636
425094
712444
500660
393418
955388
766441
834207
699777
880277
523664
155104
461758
17884
891688
828306
163480
692288
497064
771928
256812
474787
220774
37127
112690
483173
151072
745806
780804
783013
652481
523690
838462
350554
675103
926630
171184
709489
526332
53417
43162
712558
303623
298515
980927
937568
998521
694331
557741
156860
656927
997715
115251
136511
854474
438306
647688
966401
591386
943182
663249
857104
469074
609280
510899
556408
652530
93037
657736
355930
800563
74086
882324
295432
704043
27852
91206
654729
980303
41121
468162
107521
420936
116665
290417
607008
367445
168561
301378
710029
723012
271308
569864
957519
338353
247385
62071
678567
745474
56590
352163
377431
237015
148398
618088
999140
585197
969103
928245
399911
852738
431388
477697
501738
655326
451248
404694
689808
896155
649285
315775
56046
670115
194850
270865
939583
339088
351436
436120
369798
618942
341162
52817
427578
285232
979277
875928
656843
312653
966080
21413
208847
977036
204293
526943
301562
339044
727841
343896
543680
565843
615489
213893
386237
52585
914712
77779
492281
383534
737149
19732
119286
108514
248726
131951
221707
7861
10802
120436
431314
145201
664530
693358
336912
104751
408633
804434
495947
363400
279487
966862
608655
163647
382123
235505
409970
188635
470262
440692
860860
875199
90391
652501
303287
349760
446385
135046
880227
434061
881235
683032
95485
885075
65713
232675
103140
734511
457264
65091
918106
34961
403466
200764
280902
73646
767363
711698
159283
13969
605218
484589
930711
272141
458630
880477
264958
182790
490843
375923
399046
869909
462397
602060
125291
167319
151941
742975
337657
266342
754972
451823
386642
573713
59983
453277
488125
967429
751978
351238
346594
722687
529932
809555
479286
243031
41599
70517
294082
432648
374511
958250
785587
919444
925713
904301
440267
38801
428353
476352
433955
990359
743589
974072
270915
467269
374752
499701
50626
259901
377149
743797
593032
954935
845187
875688
650576
724906
679241
712117
87351
758942
399491
768987
809639
930776
41229
100715
591312
318747
17046
961613
546791
802531
687992
651446
663411
641649
496583
321727
430560
482264
227301
314947
625395
210163
392619
449071
863492
88026
953207
272946
298018
257391
221313
467444
41673
565212
379339
352637
28706
348917
692215
241526
58469
464345
614012
259463
15754
137403
244850
116568
619808
942131
434213
543170
808674
420615
545683
501977
1623
358224
54564
856998
318894
145372
754949
73035
808786
351907
156246
853119
380351
650946
1942
581529
684453
631594
91198
6479
937808
248961
329181
130394
824592
7084
242928
10056
686671
902064
686122
175396
626763
454870
498270
549772
816323
573898
243860
787457
733102
256747
198215
949958
71987
181148
801224
730007
293607
380751
956305
610824
865256
182771
475141
98657
714547
735457
197496
795550
403801
130120
50847
497193
345353
278470
264850
131809
351720
753807
877178
472322
433368
713027
776970
607638
903923
327678
309238
946403
867638
214120
600902
396951
328284
645523
49586
63631
951298
222409
725074
957740
146988
184794
212929
29151
783540
741930
608629
288770
189665
952982
969077
402868
148356
190273
279061
705782
358173
669091
580660
548348
764431
969843
525575
965860
602975
480502
356079
839626
847012
150352
404357
641394
239148
182851
802591
112552
191791
388722
765459
195262
655971
454655
242727
98228
918832
529227
977769
930795
722008
241618
844230
842101
560772
113023
387047
189396
968036
891682
755687
10263
675367
914001
465889
203529
660888
61560
143
439433
168295
943807
463831
848968
440471
904226
629713
637009
227804
95545
62927
600358
467847
678709
657073
135658
927664
802721
171718
395326
157045
953970
935703
882162
946297
435441
591842
157382
51376
364076
725476
117548
218054
866710
235998
892966
92256
220760
986789
813107
847528
535775
288441
816964
523820
94528
700358
352778
549592
819821
388298
157422
890027
744868
797766
384539
451767
787173
33752
369021
983120
61105
395706
698859
737472
475423
719667
226917
813409
113721
143487
258109
346998
303695
630174
366838
25971
215305
659063
193997
665103
380841
40097
82310
625512
132354
638341
53872
487695
215118
52386
329581
391736
41276
681650
245792
598868
530223
599496
676810
588699
629272
55773
374565
236054
21447
887850
738270
641917
128047
374522
420247
790832
167000
756617
103833
779108
712565
795975
890942
536081
11012
86659
333168
86785
96542
41334
349381
563373
251165
311958
635214
675231
744382
996677
349942
812577
475447
593924
422348
225931
517059
973662
897302
588288
303777
553036
668264
22089
228765
339878
348192
783543
948296
353788
699025
939938
82419
257273
464856
411043
20861
673245
900924
462182
644214
968618
872519
78671
225605
999625
447476
967850
628647
143408
570007
299611
48498
359366
466642
746890
282730
791932
961422
454111
829987
756805
226880
353158
126383
295600
469713
960219
277479
756193
37794
220055
533983
743383
628574
995496
594885
53652
944658
445920
195902
386991
110378
602679
549592
67730
42183
148874
914895
68118
472692
538140
101422
318109
230721
364492
592138
281278
150480
297485
844739
346341
523481
863139
818104
75249
2304
221616
40293
699229
232773
878267
407672
967713
920420
54014
572500
3685
998288
95620
607355
595447
280714
121185
603842
893322
304125
559064
565085
132939
116204
214214
761340
717168
167250
558224
193577
802979
479585
898834
868119
765418
236679
904094
191411
659181
86707
663362
754479
718942
207412
421127
490081
320814
782285
315270
631780
17843
605068
668723
191086
719153
656164
215509
117321
872296
905744
649417
992776
688055
5106
231670
817984
719926
36319
385291
844402
577865
172414
256891
635359
520635
551447
559093
188409
863065
878945
564136
768319
725569
815041
721216
986808
99954
706005
294910
339059
848659
114672
841349
875299
28506
793793
938956
255144
271960
822315
796501
142464
982238
72518
146805
152059
306175
490658
920950
886570
576270
448719
548975
675589
39895
403317
523131
112968
281182
960534
876047
282661
257086
888441
572583
903310
997197
406719
170258
535734
850162
699279
89594
920504
786665
975052
699461
439221
33156
670356
980053
692912
951191
851161
468503
235526
908469
356390
929259
824669
211201
645017
978599
31876
620551
317222
792128
978385
626625
230673
220930
586648
467520
400819
625559
231285
180218
706979
806588
224498
359145
176895
298052
266521
53679
14814
334966
856323
184949
285634
613606
461539
910511
339311
772283
131580
217011
504707
666503
119246
900068
267799
814935
350086
39936
734135
563320
23361
140037
359146
517959
977557
327368
947411
740304
529003
894637
676756
912254
744525
232834
535115
363165
863576
589681
348590
736181
289123
59948
848300
258374
399114
135223
289109
477852
293678
598504
789621
538253
953851
503556
244878
730092
399309
732597
366480
904928
450619
621874
802888
588818
114533
284243
735002
847839
644475
140962
958752
721672
261150
3449
226011
135168
14506
987804
870765
207990
309987
990695
562851
152504
416057
793228
157415
597634
98713
149406
822555
706337
409265
197598
486794
734087
390799
145602
49016
800159
657907
165403
861805
4543
216492
420766
244436
825978
338537
273977
122394
463912
336600
237799
67368
26071
355069
551040
375279
362703
222474
570057
757501
532269
64498
632524
311091
675343
535559
680728
590551
934260
74833
194720
353581
315407
497760
157294
702147
106043
860332
455920
401355
729586
166275
228235
994973
321912
709392
630541
442786
985044
483309
346548
65276
869661
608879
668711
178833
869412
256574
935641
181123
926369
259803
819099
991044
878034
372559
630909
363698
820474
815327
601211
951209
105485
236606
629107
801890
239352
320869
161803
18416
899571
12748
291755
812216
650651
468180
692995
610343
623912
839161
984497
872826
290087
85274
565780
399032
308020
134024
938074
716618
376592
322113
868922
735343
290099
465251
244781
306475
744549
968246
853372
540429
511025
519149
870055
538454
364208
624540
465093
596416
910196
172348
271312
600979
169803
645266
552285
602414
409861
581516
510339
807504
884461
358685
509343
724090
443366
827954
274298
66728
862473
136389
880370
661941
386695
934755
958757
461402
723550
382249
321848
561807
725842
667281
73096
355583
89481
106775
686761
596415
788712
120237
529041
125665
668282
837343
317504
759636
210123
710404
260278
686858
252179
453771
927110
302600
796545
50325
724589
958729
989435
30672
917250
101184
87358
629736
198005
647789
245429
920681
56370
131331
176637
86237
962092
730779
262562
948690
454869
792650
277023
184516
909730
572959
168324
38536
597939
698718
917292
594357
30133
493162
293339
551633
305022
595985
109715
803086
384199
386916
513775
411519
786030
517019
75994
919175
900217
639669
929022
388868
179967
99563
730266
112177
12198
231143
341492
9558
370428
171123
170493
474975
94153
955086
585047
898360
164633
850408
624164
194191
878074
801357
650511
675294
808158
919760
869083
773364
968043
982114
529373
766377
918197
731675
573513
444937
970983
89992
240600
543203
37975
315063
805044
448774
490703
804360
480509
828218
41694
871687
611433
674316
261935
541738
178277
306779
380530
639254
391471
186051
698461
888624
194134
691782
985823
54074
430543
626915
158724
707766
577076
772178
738107
466368
258759
129074
851972
358260
804709
634390
465889
80364
701439
55753
735283
758124
964389
694251
784976
108973
547259
249828
536469
924202
736797
323304
511611
124850
490124
216614
988926
580249
625562
408059
941507
357525
693807
495756
943622
139639
623834
874919
279353
867124
685722
635194
279284
357803
686652
108822
317514
999518
351898
152365
78659
511792
220487
332649
663705
447556
595930
396174
199330
421629
681970
612748
530332
589997
255332
194332
472316
255915
749396
401151
778385
577112
458927
548409
695629
943196
211761
437640
3223
144211
391234
30963
430895
474627
862340
300537
785738
756374
117971
827911
15019
287707
26644
393060
835675
976661
708058
865306
322943
315653
64714
322900
913273
559684
20094
473108
401348
296448
64545
20243
751833
761077
158752
701385
306590
791367
830432
348189
967368
90574
786517
764661
7460
555884
977937
10170
303235
322568
498746
823056
447051
7438
118842
825345
588
313263
74227
556412
969075
635000
404041
994439
77374
568153
779608
317721
259130
166050
721436
256969
936267
713345
144301
687559
420201
591710
416882
126048
550571
862820
460845
490160
366608
396254
931579
237716
336623
626570
277787
693913
663930
624912
365535
268573
364584
183219
719150
110717
242619
601105
574554
619572
870909
974948
220375
223735
32891
209914
552161
501010
812567
847856
856042
192989
422459
987473
287636
13547
544578
767455
593026
811355
272144
447589
704325
2399
483030
868965
325015
58867
84587
333687
972454
658002
667882
282959
546459
819864
430925
519341
606816
364470
494796
15904
444933
581430
986177
485363
224279
937540
792250
321985
299055
635037
943814
228166
676875
880683
29588
197193
839294
648582
825398
105238
567751
265568
72765
507420
734942
24275
988020
579730
426924
72593
407213
162367
563160
685951
428951
640607
781522
347514
855824
953632
591082
389869
644988
922935
31201
831293
502549
6279
826796
99052
589286
350704
904268
906834
991984
612370
931001
319023
168203
606520
479999
795157
836765
806084
884317
950143
282561
881559
519447
893543
447908
513349
851072
692771
459869
445738
496809
465169
965407
526192
139670
328327
530457
208006
643788
933197
523651
793141
346924
692019
827127
843838
298077
589625
316797
544554
922799
51096
866854
182567
540293
746092
352333
515841
342660
681754
737369
773671
142500
717679
292165
360417
921517
707570
809187
583388
66946
450127
552362
977769
942851
304356
118299
549735
30948
230606
931115
988527
735915
77492
113501
916086
796702
450593
926400
653037
330536
175521
399536
653505
632624
317825
101417
210944
889955
759241
527640
38405
571395
715586
748964
987590
381472
384663
463325
181829
126837
375820
106841
782744
767301
37104
416466
99706
609838
499502
671137
842187
202425
422119
893152
184287
721924
467760
678992
883448
327330
26040
901511
194786
917983
778149
54443
830851
122611
760164
294799
303118
93840
8587
12570
910796
879964
355044
97973
892862
154572
519414
657823
643947
12375
42431
308021
173757
301180
702113
209497
318011
960254
668144
287857
980469
114179
163517
530782
354758
740994
837404
360217
466525
317364
509854
378038
135458
788111
256294
396043
990083
373221
643915
816607
766500
288061
954439
529992
53301
226585
489275
14524
652591
199780
530869
314759
354522
538442
586636
529596
121924
186272
506107
730117
171242
730388
143979
788331
745398
459972
38930
786603
460066
399806
831087
907716
819890
861521
40969
793635
253429
205149
163513
970090
210313
215357
669281
151568
496536
371544
763299
794063
374677
871958
76415
25215
499638
165167
517713
214373
52192
899915
420110
356922
120345
318266
639440
185745
245688
384784
862219
197393
492228
160351
675995
711015
531290
564941
932721
93213
994243
724557
369666
379777
657989
302082
218773
601973
60082
74254
372530
151206
993065
505768
820002
162607
375230
858025
636729
256199
626197
439708
323053
716844
619621
941088
565945
798953
950697
351894
528499
134440
451981
937528
485134
490701
986966
442378
898207
765767
484038
327200
240851
801066
705908
25256
557050
922704
40004
875722
337330
229041
97769
712078
6901
146769
127058
568175
287809
569158
321753
370822
608703
307411
780783
204191
716868
995596
939178
95838
858378
762786
785787
949620
262571
790365
765077
496952
77258
365136
10440
745502
927620
254859
369893
294317
227175
631987
694737
263464
69078
402320
553868
983623
549197
14227
277311
749027
48876
285807
927126
355523
680891
637648
665495
133894
733901
75390
427038
674090
633849
322293
286469
135513
565965
181961
177314
542422
216887
396310
707546
411144
689198
225211
425104
500907
663034
885326
851909
273090
999483
793879
680500
570209
674859
473118
522856
443370
193570
127712
689560
432847
689370
107586
891703
723275
646002
508098
993921
103148
781242
518469
921771
781100
778909
100520
342483
261860
612192
629400
708548
110101
831611
193790
154115
569081
632450
376982
426642
301410
593812
115390
646103
668118
91854
87569
400633
116550
130037
836094
823169
457935
972763
705020
348577
557254
425745
484333
120082
927662
229811
663148
649066
437611
752245
547996
973975
374554
836628
200599
751839
208412
734462
108637
66233
312208
510846
862519
959071
27187
939062
126846
95262
876010
336906
997258
295081
691531
879485
340139
38795
534568
100645
299230
621524
679297
337998
541410
196541
202686
115334
662149
100140
939988
697084
746175
929076
439898
674364
293276
181552
279113
205758
909347
608002
115064
362069
281098
154342
657616
268969
63150
351551
605755
544850
881408
452232
185271
814471
264098
770769
397480
171737
159902
858481
290168
438523
916854
754141
565105
959553
564942
939638
375026
41859
707642
448094
964863
73384
31414
532587
230154
381026
482434
487806
180994
337299
467489
690822
552783
191018
999825
144169
99485
642975
578016
345412
630632
588201
518169
696130
49061
392954
421357
26598
651668
860848
789482
515192
20232
779557
621926
677794
829838
984879
479513
736272
448611
341759
608650
801208
282222
57008
633149
694920
999165
276950
62699
805143
451831
738863
191032
642090
537868
489217
348540
51847
871409
155105
238154
633501
867519
521750
719091
464322
989598
391931
486608
464255
546029
331784
390933
368508
934848
866067
406597
324383
844574
481095
352565
127429
544268
618513
103568
508388
51168
840238
820788
4049
603401
941601
151957
296234
450020
773923
452747
622944
890267
992916
968457
263188
131571
397774
614773
316648
756305
336987
231226
32149
869151
104100
3507
509786
143963
752254
572029
373423
762469
877204
539104
670959
635290
686511
374352
83611
97427
310848
651212
847184
655247
296099
922326
151336
15497
379179
866978
483575
555274
454810
788219
218172
740564
465372
458651
435590
86165
826123
432334
879630
655259
106207
726800
328163
903975
346145
385471
326802
121708
694234
647322
508728
430324
677438
311681
325505
734628
11022
286758
907594
877078
157938
180265
103263
569781
927345
656412
386276
597243
970146
848716
982933
88439
747746
971822
750236
975039
81746
520028
837032
654426
336790
794373
509974
496091
491768
200419
485636
889719
525186
7389
11655
547184
900399
832331
268683
192433
775703
159572
672564
517083
376273
219661
508081
773120
406010
502244
690743
852388
381121
491375
164747
430201
841863
195253
692242
806383
521900
223257
135841
911050
215826
600122
434809
522144
208095
402563
950662
795878
512542
57445
142200
172645
487351
237469
932434
791445
692233
168429
543786
556648
190579
685324
105569
819851
552534
599355
438173
307918
462631
308759
6190
861283
865903
423617
399756
149903
754266
589605
928516
15297
108553
156684
543456
686742
405796
960173
711369
256982
521421
154904
800799
247926
218578
391763
876267
754212
781921
504678
611369
305758
633466
890932
44815
731933
505584
786821
987382
692069
282639
252588
528386
331231
13815
929154
19500
417730
583181
946931
238455
916613
969657
631583
559441
464479
531522
358408
446384
441314
777988
421574
427479
216516
787607
668844
98202
863525
482790
396942
787850
603449
540546
642541
418063
302574
607490
235798
907732
658994
170817
526950
420684
105120
88810
937722
323399
803544
258095
105126
516960
901770
574813
915517
457617
828702
83892
781216
760943
703856
959078
448123
920250
608195
457616
630524
449157
3817
363779
53067
982336
42211
270949
536538
490051
133777
88630
545840
948516
298455
686682
53611
737369
599093
452158
150776
730281
102096
583788
259416
127085
463772
402141
106866
96513
76184
837295
520327
459480